# Created by Octave 4.2.1, Sat Sep 02 23:59:32 2017 GMT <unknown@unknown>
# name: v
# type: matrix
# rows: 10
# columns: 1
 -1.76809561736469
 -11.57152283109331
 -0.7141409762593387
 -6.201354417450228
 -5.076245046814263
 -6.967026171439263
 -6.433192698012265
 -2.275305107427034
 -8.813770415406314
 -5.431770060481505


